0 0.48705179282868527 0.5492304973653772 0.031872509960159334 0.11238379814077028
0 0.5572709163346614 0.3353387525168145 0.026892430278884518 0.10875851432977761
0 0.6802788844621515 0.3362450734695626 0.03187250996015947 0.09244473718031095
0 0.6693227091633466 0.5682632373730884 0.0338645418326692 0.09607002099130355
0 0.351593625498008 0.5519494602236216 0.027888446215139452 0.08881945336931843
0 0.8386454183266934 0.3471209249025404 0.02589641434262944 0.09244473718031099
0 0.9711155378486056 0.6878976031358438 0.035856573705179355 0.11419644004626668
0 0.9790836653386455 0.2510509039112368 0.029880478087649324 0.09969530480229619
0 0.7619521912350598 0.5646379535620958 0.031872509960159334 0.08881945336931835
0 0.5562749003984063 0.5510431392708734 0.02888446215139453 0.0906320952748147
0 0.8296812749003984 0.5682632373730883 0.02390438247011957 0.0924447371803111
0 0.725597609561753 0.3362450734695626 0.024900398406374508 0.09244473718031095
2 0.4805776892430279 0.43140877350811807 0.7878486055776892 0.3625283810992589
