5 0.7726692767851818 0.7969374167776297 0.030886844075229618 0.04660452729693745
5 0.6979430411193036 0.7217043941411451 0.0348722433107433 0.026631158455392667
5 0.7178700372968712 0.7776298268974702 0.02291604560420268 0.04527296937416778
5 0.8110287444269995 0.7816245006657789 0.011956197706540479 0.03994673768308914
5 0.7676875277407902 0.3821571238348868 0.02092334598644598 0.01864181091877491
5 0.8299593907956887 0.3735019973368841 0.017934296559810717 0.02263648468708389
5 0.7074083643036482 0.637150466045273 0.015941596942054163 0.030625832223701722
5 0.6939576418837902 0.4660452729693742 0.016937946750932298 0.031957390146471386
0 0.31783558903220244 0.6091877496671105 0.045832091208405326 0.0279627163781624
0 0.28993779438360795 0.3382157123834887 0.04383939159064859 0.029294274300932132
0 0.41448152049340514 0.6125166444740346 0.04583209120840536 0.029294274300932132
0 0.4184669197289187 0.492676431424767 0.04383939159064866 0.02929427430093206
0 0.4598154367973713 0.1438082556591212 0.04085034216401347 0.031957390146471365
0 0.45433551284854023 0.689081225033289 0.04583209120840536 0.022636484687083964
0 0.4189650946333579 0.3914780292942743 0.03686494292849993 0.023968042609853482
0 0.45981543679737136 0.39147802929427433 0.04085034216401354 0.0213049267643143
0 0.18731376406913505 0.7283621837549933 0.045832091208405396 0.031957390146471455
0 0.3213228133632768 0.7090545938748335 0.03885764254625677 0.025299600532623145
0 0.4184669197289186 0.29161118508655126 0.04383939159064859 0.0346205059920106
0 0.33028996164318214 0.3894806924101198 0.0428430417817702 0.0359520639147803
2 0.2914323190969255 0.4960053262316911 0.45732456227517543 0.8668442077230359
2 0.7522441057031751 0.05525965379494008 0.16539406827381073 0.11051930758988016
3 0.9146491245503509 0.262982689747004 0.12554007591867575 0.025299600532623145
