2 0.3972238466715951 0.5378796719676635 0.15447594037228696 0.819019934435969
2 0.6896247338048527 0.5484887384759015 0.1588895386686381 0.819019934435969
2 0.0926855642233722 0.5293924187610731 0.1853711284467444 0.8381162541507972
0 0.533493694071434 0.8222026543884402 0.018757792759491992 0.0466798926362469
0 0.5555616855531892 0.823263561039264 0.016550993611316542 0.0403144527313043
0 0.14178684527027768 0.5108265523716568 0.10923655783468866 0.026522666270594897
0 0.8694788643811582 0.9203365195896411 0.024274790629930862 0.04561898598542314
0 0.8987189530944839 0.1601969042743929 0.07392777146388028 0.0381926394296566
0 0.9075461496871862 0.7490000954815986 0.058480177426651354 0.03607082612800909
0 0.5086672036544593 0.1395092245833289 0.0684107735934414 0.026522666270594863
0 0.5064604045062837 0.823263561039264 0.026481589778106312 0.05728895914448472
0 0.9218903441503269 0.23870399643535362 0.049652980833949416 0.0445580793345993
0 0.9665780269008815 0.16019690427439287 0.05737677785256366 0.042436266032951746
3 0.505357004932196 0.05781941246989677 0.9864392192344611 0.04986261258871831
