2 0.6064973759837392 0.8804780876494024 0.19086675804819314 0.23904382470119528
0 0.05110639969596427 0.7445219123505976 0.02503170597353352 0.0169322709163346
0 0.027117681471327978 0.7151394422310757 0.025031705973533516 0.013944223107569655
0 0.2263283415106989 0.029880478087649404 0.025031705973533533 0.011952191235059764
0 0.24770959036309212 0.01942231075697211 0.026074693722430736 0.010956175298804782
0 0.027639175345776593 0.6857569721115538 0.023988718224636284 0.012948207171314863
5 0.5230583560719608 0.32171314741035856 0.02607469372243081 0.031872509960159334
5 0.5256658254442038 0.2778884462151395 0.02711768147132794 0.03386454183266935
5 0.3076813859246828 0.32669322709163345 0.020859754977944647 0.03585657370517932
5 0.5267088131931011 0.43227091633466136 0.02711768147132794 0.031872509960159334
5 0.5246228376953066 0.3889442231075697 0.027117681471328012 0.03486055776892428
5 0.5256658254442038 0.46613545816733065 0.02085975497794472 0.027888446215139525
5 0.7754613913050903 0.2679282868525897 0.01981676722904737 0.029880478087649428
5 0.7916277014129974 0.33366533864541836 0.020859754977944504 0.03386454183266938
5 0.340014006140497 0.3849601593625498 0.025031705973533533 0.03486055776892428
2 0.0557998445660018 0.75 0.1115996891320036 0.2729083665338646
2 0.6388299961995533 0.07071713147410358 0.3619167488673389 0.1394422310756972
2 0.28682163094673824 0.05378486055776892 0.18147986830811802 0.10358565737051792
