0 0.2541813876569195 0.7235849056603775 0.04136285048485302 0.0150943396226414
0 0.42496993159437724 0.7372641509433961 0.05737427647898968 0.02169811320754732
0 0.6244456137713298 0.7754716981132074 0.05870856197850102 0.024528301886792434
0 0.8199184394497482 0.5650943396226416 0.03068856648876192 0.037735849056603786
0 0.8325941516951064 0.31886792452830187 0.0320228519882734 0.03962264150943394
0 0.2521799594076524 0.2533018867924528 0.029354280989250546 0.0349056603773585
0 0.45165564158460497 0.26037735849056604 0.028019995489739172 0.037735849056603744
0 0.1260899797038262 0.4179245283018868 0.046699992482898585 0.016981132075471663
0 0.2555156731564308 0.7764150943396227 0.060042847478012466 0.02075471698113205
0 0.08606141471848457 0.7981132075471699 0.033357137487784724 0.037735849056603855
0 0.25217995940765237 0.8481132075471699 0.053371419980455526 0.02075471698113205
0 0.4223013605953544 0.7816037735849056 0.04936856348192137 0.01603773584905653
0 0.12342140870480342 0.5047169811320755 0.04936856348192137 0.02264150943396231
0 0.250845673908141 0.5650943396226416 0.053371419980455526 0.02075471698113212
0 0.7205141697361498 0.6202830188679246 0.03469142298729608 0.04056603773584911
0 0.7325227392317523 0.31933962264150945 0.029354280989250584 0.034905660377358455
0 0.5297113433060211 0.26179245283018865 0.02935428098925051 0.036792452830188685
0 0.14610426219649705 0.08915094339622641 0.05203713448094418 0.019811320754716987
0 0.0680485604750808 0.1919811320754717 0.034691422987296106 0.09150943396226417
0 0.8412670074419304 0.0929245283018868 0.03602570848680742 0.03301886792452831
0 0.6184413290235286 0.6877358490566039 0.054705705479966865 0.02264150943396217
0 0.6204427572727957 0.808490566037736 0.0533714199804556 0.02075471698113205
0 0.4202999323460873 0.8325471698113208 0.053371419980455526 0.019811320754716918
0 0.30821995038713074 0.7221698113207546 0.04803427798240996 0.02169811320754732
0 0.13476283545065024 0.24481132075471698 0.06137713297752386 0.019811320754716987
0 0.26618995715252197 0.205188679245283 0.0493685634819214 0.019811320754716952
0 0.4676670675787416 0.1386792452830189 0.028019995489739172 0.037735849056603765
0 0.6444598962640007 0.21509433962264154 0.0533714199804556 0.024528301886792468
0 0.2882056678944599 0.17358490566037738 0.032022851988273364 0.033962264150943416
0 0.3095542358866421 0.054245283018867926 0.04269713598436439 0.03679245283018867
0 0.7258513117341954 0.439622641509434 0.029354280989250442 0.039622641509433974
0 0.8265898669473052 0.4066037735849056 0.036025708486807556 0.03584905660377352
0 0.3008813801398181 0.8127358490566037 0.054705705479966935 0.019811320754716918
0 0.48901563557092387 0.8188679245283019 0.05203713448094412 0.02075471698113205
0 0.6151056152747502 0.8405660377358491 0.056039990979478344 0.02075471698113205
0 0.12008569495602497 0.5608490566037736 0.053371419980455546 0.02735849056603783
2 0.41562993309779744 0.8141509433962264 0.4923513493197023 0.2962264150943398
2 0.39694993610463813 0.20047169811320756 0.556397053296249 0.24622641509433965
2 0.19013568368037284 0.49575471698113205 0.16678568743892355 0.33490566037735847
5 0.46833421032849726 0.46037735849056605 0.04269713598436446 0.0660377358490566
5 0.493018492069458 0.5202830188679246 0.12408855145455909 0.03113207547169807
