0 0.34126106194690264 0.3977604673807205 0.01659292035398231 0.030185004868549185
0 0.1769911504424779 0.7862706913339825 0.015486725663716854 0.030185004868549185
0 0.061946902654867256 0.7852969814995131 0.022123893805309727 0.030185004868549185
0 0.1482300884955752 0.7200584225900681 0.0154867256637168 0.034079844206426485
0 0.17975663716814158 0.7210321324245377 0.018805309734513286 0.03213242453748776
0 0.23506637168141592 0.5759493670886077 0.018805309734513286 0.03213242453748776
0 0.35508849557522126 0.5102239532619279 0.017699115044247763 0.031158714703018474
0 0.37112831858407075 0.5822784810126582 0.021017699115044267 0.029211295034079966
0 0.21294247787610618 0.7220058422590069 0.023230088495575174 0.037974683544303785
0 0.12831858407079647 0.788218111002921 0.013274336283185856 0.026290165530671743
0 0.19524336283185842 0.8218111002921128 0.023230088495575243 0.035053554040895704
0 0.375 0.36514118792599803 0.01991150442477874 0.03505355404089585
0 0.4214601769911505 0.5131450827653359 0.017699115044247763 0.035053554040895774
0 0.8174778761061947 0.3875365141187926 0.03761061946902657 0.0233690360272638
0 0.816924778761062 0.46494644595910417 0.040929203539822934 0.022395326192794513
0 0.09513274336283185 0.8213242453748782 0.022123893805309738 0.03213242453748776
0 0.6653761061946902 0.08276533592989288 0.038716814159292026 0.015579357351509247
0 0.6338495575221239 0.21178188899707887 0.02654867256637175 0.037974683544303785
5 0.5470132743362832 0.6986368062317428 0.06526548672566364 0.04771178188899711
5 0.7986725663716814 0.20593962999026288 0.017699115044247832 0.020447906523855898
5 0.8136061946902654 0.2200584225900682 0.021017699115044194 0.013631937682570587
5 0.8036504424778761 0.020934761441090553 0.018805309734513286 0.016553067185978577
0 0.11504424778761063 0.6869522882181109 0.022123893805309738 0.034079844206426346
0 0.20077433628318583 0.6236611489776047 0.021017699115044267 0.030185004868549116
0 0.028207964601769914 0.8130477117818891 0.023230088495575216 0.03310613437195713
0 0.4380530973451327 0.4673807205452776 0.01991150442477874 0.03505355404089585
0 0.21294247787610623 0.7901655306718598 0.021017699115044232 0.03213242453748791
0 0.09623893805309734 0.8860759493670887 0.019911504424778778 0.03894839337877329
0 0.12831858407079647 0.885589094449854 0.01769911504424778 0.034079844206426485
0 0.09513274336283185 0.7843232716650438 0.019911504424778778 0.037974683544303785
0 0.3053097345132743 0.5126582278481012 0.017699115044247763 0.03213242453748784
0 0.3191371681415929 0.5793573515092503 0.014380530973451293 0.027263875365141174
0 0.4375 0.584225900681597 0.023230088495575174 0.029211295034079824
2 0.14712389380530974 0.7546251217137293 0.25663716814159293 0.29600778967867575
2 0.34126106194690264 0.5467380720545276 0.35508849557522126 0.09055501460564741
2 0.37942477876106195 0.4177215189873418 0.22345132743362825 0.13242453748782856
2 0.8418141592920353 0.4045764362220058 0.07079646017699119 0.2171372930866601
2 0.6454646017699115 0.11587147030185005 0.19137168141592917 0.22979552093476144
