0 0.11752988047808763 0.4459951920530581 0.015936254980079684 0.05747909396387861
0 0.14243027888446214 0.43641534305907825 0.013944223107569709 0.05535023863188307
0 0.16832669322709162 0.4396086260570716 0.01992031872509962 0.05747909396387861
0 0.3256972111553785 0.5801130779687748 0.025896414342629476 0.06599451529186062
0 0.37749003984063734 0.433222060061085 0.017928286852589608 0.053221383299887536
0 0.7161354581673305 0.5715976566407928 0.01992031872509969 0.06599451529186062
0 0.7504980079681275 0.4268354940650985 0.020916334661354626 0.06599451529186062
0 0.9028884462151393 0.4864434433609726 0.0308764940239044 0.031932829979932575
0 0.6882470119521912 0.42364221106710526 0.01992031872509955 0.059607949295874076
0 0.9058764940239042 0.5982083482907367 0.0308764940239044 0.029803974647937038
0 0.9048804780876492 0.433222060061085 0.03286852589641441 0.031932829979932575
0 0.41882470119521914 0.4353509153930806 0.020916334661354553 0.06173680462786961
2 0.5024900398406374 0.5130541350109165 0.8675298804780875 0.20011240120757734
