0 0.24203187250996017 0.5971824775202595 0.03386454183266931 0.05256373885263898
0 0.2644422310756972 0.7738550442194072 0.018924302788844615 0.0730051928508874
0 0.30328685258964144 0.7833457192900226 0.02689243027888441 0.07446529670790525
0 0.48505976095617526 0.40955913189347876 0.06374501992031874 0.03358238871140827
0 0.6160358565737052 0.3584554968978575 0.05876494023904371 0.07446529670790525
0 0.3157370517928287 0.3584554968978575 0.0398406374501992 0.03942280413947927
0 0.46663346613545814 0.5015456748855969 0.05677290836653391 0.04818342728158569
0 0.5024900398406374 0.4533622476040112 0.14243027888446214 0.045263219567550195
0 0.5059760956175299 0.3562653411123308 0.047808764940239 0.07300519285088747
0 0.5572709163346613 0.35480523725531316 0.03685258964143436 0.07300519285088747
2 0.5423306772908366 0.39641819718031895 0.48705179282868516 0.29932129068863866
2 0.18476095617529878 0.6971995917259755 0.2918326693227091 0.24675755183599968
