0 0.2435258964143426 0.4283805277928593 0.02888446215139446 0.024627019752085814
0 0.29980079681274907 0.6260447652767053 0.031872509960159404 0.028515496555046625
0 0.4900398406374502 0.15553907211843604 0.029880478087649393 0.031107814423687243
0 0.3944223107569721 0.375238011485727 0.017928286852589608 0.027219337620726307
0 0.3520916334661355 0.7537164203072547 0.022908366533864567 0.024627019752085744
0 0.2963147410358566 0.664281453839154 0.02490039840637447 0.02721933762072638
0 0.554780876494024 0.327928210383036 0.027888446215139525 0.020738542949124826
0 0.3062749003984064 0.2572875484625796 0.028884462151394386 0.03240397335800754
0 0.450199203187251 0.2307162903090135 0.0239043824701195 0.023330860817765427
0 0.45766932270916333 0.32598397198155554 0.022908366533864636 0.019442384014804547
5 0.6648406374501993 0.6312294010139863 0.018924302788844473 0.03370013229232782
5 0.6802788844621515 0.651319864495951 0.01992031872509969 0.027219337620726237
5 0.6927290836653387 0.6681699306421148 0.022908366533864636 0.02203470188344525
5 0.645418326693227 0.685668076255439 0.02191235059760956 0.03629245016096846
5 0.6538844621513944 0.6999258245329623 0.020916334661354483 0.02851549655504655
5 0.7156374501992033 0.5314251630713231 0.010956175298804709 0.023330860817765354
5 0.797808764940239 0.43032476619433974 0.011952191235059785 0.02073854294912479
5 0.7206175298804781 0.38949575976325024 0.01294820717131472 0.019442384014804547
2 0.23705179282868521 0.496428871844675 0.3067729083665338 0.25923178686405995
2 0.43974103585657376 0.27348953514158336 0.3157370517928287 0.27737801194454426
