0 0.2088094323214755 0.41035856573705176 0.05727344429389042 0.02589641434262951
0 0.35258964143426297 0.3247011952191235 0.06085303456225866 0.0239043824701195
0 0.470716120290412 0.9462151394422311 0.03460270592755883 0.049800796812749015
0 0.35079984630007893 0.22808764940239043 0.06443262483062676 0.027888446215139452
0 0.1109672983194127 0.40886454183266935 0.07397819887960846 0.02888446215139446
0 0.20105365340667786 0.530378486055777 0.05130746051327684 0.02689243027888445
0 0.5882460007684996 0.9472111553784862 0.031023115659190595 0.05179282868525902
0 0.35676583008069246 0.276394422310757 0.05965983780613584 0.022908366533864567
0 0.5047222278399094 0.946215139442231 0.028636722146945248 0.04581673306772913
2 0.1885250874673893 0.33864541832669315 0.3746637814225332 0.41235059760956166
2 0.44744878354601897 0.9631474103585657 0.36750460088579684 0.07370517928286859
0 0.567365057536352 0.6030876494023905 0.04176188646429502 0.024900398406374508
0 0.5679616559144134 0.7216135458167331 0.033409509171436154 0.024900398406374508
0 0.37764677331283997 0.7749003984063745 0.03221631241531341 0.031872509960159334
0 0.5697514510485974 0.4233067729083665 0.03221631241531327 0.035856573705179286
0 0.5691548526705361 0.26842629482071717 0.028636722146945175 0.032868525896414376
0 0.4319372257164237 0.7350597609561754 0.028636722146945248 0.027888446215139452
