0 0.2539298669891173 0.7019112832852491 0.016928657799274483 0.0435620616253108
0 0.279322853688029 0.7581203950598436 0.014510278113663837 0.0435620616253108
0 0.43893591293833134 0.7040191249767963 0.024183796856106454 0.05901956736332423
0 0.5072551390568321 0.708234808359891 0.02055622732769045 0.04777774500840522
2 0.16807738814993953 0.6541335382768437 0.18379685610640872 0.5072872337657156
2 0.594253165087155 0.7586565975758921 0.6686819830713422 0.33303898726447256
2 0.9232164449818621 0.5058820059713507 0.11245465538089476 0.8543784989738367
3 0.4600967351874244 0.05901956736332425 0.7654171704957677 0.030915011476026998
5 0.4039861435953458 0.26156325649884665 0.01923567311384751 0.013700976962193396
5 0.40212462684239286 0.3635994796646556 0.020476684282482935 0.020190913417969227
5 0.4539368431329177 0.36576279181658095 0.01861516752952987 0.01586428911411865
5 0.455177854301553 0.2608421524482049 0.01861516752952987 0.015143185063476991
5 0.5764866960356559 0.27418257738507745 0.020476684282482865 0.015864289114118718
5 0.363343027822539 0.2597604963722423 0.0136511228549886 0.02595974582310333
5 0.3617917638617449 0.36576279181658095 0.011789606102035534 0.02307532962053635
