2 0.22310756972111556 0.5823889570700507 0.2609561752988048 0.5331254647570569
0 0.10458167330677293 0.7855165075660938 0.04183266932270918 0.03239243330169472
0 0.10657370517928288 0.6667442521265469 0.03984063745019922 0.035091802743502425
0 0.5512948207171315 0.25306588516948897 0.02689243027888445 0.060735812440677356
0 0.6857569721115538 0.3583412933999963 0.04482071713147406 0.02294464025536705
0 0.6882470119521913 0.43594816485197296 0.03784860557768923 0.029693063859886664
0 0.6892430278884463 0.4049054162711823 0.0398406374501991 0.024294324976270973
2 0.6025896414342631 0.19840365397287937 0.6792828685258965 0.17545901371751235
2 0.8072709163346614 0.5803644299886948 0.26394422310756965 0.5803644299886949
2 0.18874501992031875 0.21122565882146682 0.14641434262948214 0.1930049150892636
