0 0.2823705179282869 0.6221090740771354 0.06872509960159359 0.04018779653171549
0 0.36852589641434264 0.5752233114568011 0.05179282868525888 0.020609126426520845
0 0.49203187250996017 0.580890821224094 0.053784860557769036 0.027822320675802956
0 0.36952191235059756 0.6519923073955906 0.05179282868525895 0.027822320675802956
0 0.2938247011952191 0.7029998953012294 0.0537848605577689 0.030913689639781125
0 0.697211155378486 0.44177921784507895 0.031872509960159334 0.056675097672932113
2 0.3446215139442231 0.6056217729359189 0.3904382470119521 0.6193042491169486
2 0.7689243027888446 0.4067437029199937 0.2749003984063745 0.12262430223779845
5 0.37300796812749004 0.14987353490601923 0.018924302788844615 0.018548213783868697
5 0.7405378486055778 0.16069332627994268 0.014940239043824733 0.017517757462542603
5 0.3964143426294821 0.15038876306668228 0.017928286852589608 0.01957867010519475
5 0.7574701195219123 0.6882869627988738 0.018924302788844757 0.02370049539049887
5 0.8361553784860558 0.5790585927383138 0.020916334661354483 0.03400505860375922
