5 0.5463147410358565 0.355533996511715 0.022908366533864494 0.025395285465122514
5 0.6568725099601593 0.3568037607849711 0.022908366533864636 0.027934814011634758
5 0.5443227091633466 0.5250475269914077 0.020916334661354553 0.02666504973837874
5 0.6563745019920318 0.5269521734012919 0.017928286852589678 0.02285575691861034
5 0.7669322709163348 0.35997817146811145 0.027888446215139452 0.026665049738378598
5 0.5473107569721115 0.19236928739830295 0.020916334661354553 0.031744106831403156
5 0.779382470119522 0.19871810876458354 0.028884462151394386 0.02920457828489088
5 0.6608565737051794 0.1980832266279555 0.028884462151394386 0.030474342558147002
5 0.8690239043824701 0.7897933779653097 0.03685258964143429 0.04571151383722054
5 0.8316733067729083 0.7897933779653097 0.031872509960159334 0.040632456744195904
0 0.23705179282868527 0.6723401826891182 0.021912350597609594 0.0419022210174522
0 0.2639442231075697 0.6710704184158621 0.015936254980079667 0.041902221017452064
0 0.2559760956175299 0.811379370610664 0.03386454183266931 0.0660277422093185
0 0.2898406374501992 0.7104331108868019 0.01195219123505975 0.031744106831403086
0 0.326195219123506 0.709798228750174 0.012948207171314756 0.02539528546512244
0 0.2913346613545817 0.39997574607567943 0.018924302788844577 0.03555339965117149
0 0.351593625498008 0.67170530055249 0.02191235059760956 0.04063245674419605
0 0.5298804780876494 0.8475676523984634 0.013944223107569726 0.03682316392442772
0 0.6314741035856574 0.8526467094914879 0.02191235059760949 0.03936269247093975
0 0.11902390438247011 0.8050305492443832 0.016932270916334657 0.05079057093024503
0 0.7226095617529882 0.8507420630816037 0.0169322709163346 0.03301387110465925
0 0.448207171314741 0.8450281238519511 0.015936254980079667 0.03174410683140323
0 0.41832669322709165 0.8475676523984634 0.015936254980079667 0.0342836353779154
0 0.35408366533864544 0.8310607168461338 0.0169322709163346 0.03682316392442772
0 0.3012948207171315 0.7955073171949623 0.014940239043824662 0.029204578284890773
0 0.1917330677290837 0.8323304811193899 0.016932270916334636 0.03936269247093989
0 0.15986055776892433 0.5345707590408286 0.026892430278884466 0.035553399651171415
0 0.2260956175298805 0.5377451697239689 0.015936254980079702 0.036823163924427575
0 0.4028884462151395 0.30283877917158586 0.024900398406374508 0.052060335203501076
0 0.3894422310756972 0.5821869192879333 0.01992031872509955 0.036823163924427645
0 0.4078685258964143 0.6856727075583074 0.022908366533864636 0.050790570930245166
0 0.05278884462151394 0.7491609212211137 0.027888446215139435 0.02539528546512244
0 0.054282868525896415 0.6831331790117952 0.024900398406374497 0.03047434255814693
0 0.10408366533864541 0.5034615343460536 0.022908366533864532 0.031744106831403086
2 0.21613545816733068 0.6259937867152696 0.3247011952191235 0.639961193721087
2 0.6628486055776892 0.89454893050894 0.49302788844621503 0.1307857201453808
