0 0.3622491287104916 0.584433962264151 0.05000961422905902 0.017924528301886795
0 0.6892350679004927 0.09339622641509435 0.026928253815647167 0.03584905660377359
0 0.5033018867924528 0.6169811320754717 0.044880423026078586 0.01509433962264154
0 0.46419180386972725 0.7056603773584905 0.04359812522533353 0.016981132075471663
0 0.5436942675159236 0.6278301886792453 0.025645956014902112 0.03113207547169807
0 0.35711993750751114 0.7683962264150943 0.03975123182309815 0.019811320754716918
0 0.4654741016704723 0.8066037735849056 0.04103352962384328 0.016981132075471663
0 0.5033018867924528 0.8910377358490567 0.034622040620117714 0.038679245283018845
0 0.9533884148539841 0.8334905660377359 0.02692825381564731 0.0349056603773586
0 0.9508238192524938 0.9193396226415095 0.026928253815647167 0.03679245283018872
0 0.8700390578055522 0.683490566037736 0.05000961422905902 0.025471698113207566
0 0.5744694147338061 0.839622641509434 0.053856507631294265 0.02264150943396231
0 0.3577610864078837 0.8660377358490565 0.053856507631294265 0.02075471698113205
0 0.6193498377598847 0.6330188679245283 0.028210551616392295 0.037735849056603855
0 0.7071872371109242 0.6877358490566039 0.06796178343949051 0.02264150943396217
0 0.7091106838120419 0.6306603773584906 0.02564595601490197 0.033018867924528336
0 0.4654741016704723 0.7386792452830186 0.0487273164283139 0.016981132075471663
0 0.4622683571686096 0.7726415094339623 0.04744501862756884 0.016981132075471805
0 0.36289027761086406 0.6830188679245282 0.05642110323278459 0.0150943396226414
0 0.461627208268237 0.8405660377358491 0.051291912029804154 0.02075471698113205
0 0.5763928614349237 0.7759433962264152 0.04744501862756877 0.017924528301886938
0 0.3577610864078837 0.7169811320754716 0.04616272082682364 0.013207547169811278
0 0.8040007210671795 0.6372641509433962 0.025645956014902112 0.033018867924528336
0 0.35840223530825627 0.8193396226415095 0.04744501862756884 0.017924528301886795
0 0.3648137243119817 0.6504716981132074 0.06283259223651001 0.01603773584905653
0 0.3641725754116092 0.4485849056603774 0.038468934022353025 0.03679245283018872
0 0.3192921523855306 0.4301886792452831 0.04103352962384328 0.033962264150943396
0 0.7571968513399833 0.6344339622641509 0.024363658214156914 0.0349056603773586
0 0.853369186395866 0.640566037735849 0.032057445018627534 0.03207547169811321
0 0.5084310779954333 0.564622641509434 0.05257420983054914 0.017924528301886795
2 0.45970376156711934 0.7443396226415095 0.24748347554380487 0.3886792452830188
2 0.7315508953250811 0.675 0.28595240956615803 0.12547169811320744
2 0.29300504747025596 0.4735849056603773 0.20644994591996152 0.14339622641509428
2 0.5815220526379041 0.1891509433962264 0.6039622641509435 0.22547169811320755
