0 0.14790836653386452 0.655002838767779 0.026892430278884466 0.08939671290268897
0 0.3665338645418326 0.5372398611940445 0.011952191235059716 0.042979188895523567
0 0.46513944223107573 0.6317940767641964 0.017928286852589678 0.04985585911880733
0 0.6060756972111554 0.7796424865647974 0.020916334661354553 0.04985585911880747
0 0.6543824701195219 0.7796424865647974 0.01992031872509955 0.05329419423044925
0 0.20418326693227093 0.5372398611940444 0.017928286852589643 0.046417524007165485
0 0.7669322709163348 0.6343728280979277 0.015936254980079667 0.05157502667462836
0 0.819223107569721 0.47792858051822207 0.020916334661354768 0.061890032009553904
0 0.8715139442231075 0.6842286872167351 0.02191235059760956 0.055013361786270136
0 0.5418326693227091 0.7805020703427078 0.02191235059760956 0.044698356451344526
0 0.20517928286852588 0.7194716221110644 0.03585657370517925 0.02578751333731418
0 0.27390438247011956 0.37821686228060725 0.01992031872509962 0.051575026674628294
0 0.04930278884462151 0.9661721663713698 0.03685258964143426 0.03782168622806083
0 0.273406374501992 0.9549975772585335 0.032868525896414376 0.0361025186722398
0 0.5398406374501992 0.9627338312597277 0.031872509960159334 0.03438335111641876
0 0.5936254980079682 0.9678913339271906 0.031872509960159334 0.027506680893135068
0 0.7146414342629481 0.9825042581516686 0.028884462151394386 0.02578751333731404
0 0.5786852589641435 0.6300749092083755 0.02191235059760956 0.046417524007165555
0 0.6304780876494024 0.6309344929862859 0.017928286852589608 0.055013361786270136
0 0.6782868525896414 0.6782116007713619 0.021912350597609702 0.04985585911880719
0 0.8052788844621515 0.6799307683271827 0.018924302788844757 0.04641752400716541
0 0.4452191235059761 0.5320823585265818 0.02191235059760956 0.042979188895523705
0 0.7504980079681275 0.44698356451344506 0.040836653386454175 0.03438335111641884
0 0.7036852589641436 0.6335132443200173 0.024900398406374365 0.056732529342091026
2 0.499003984063745 0.6635986765468838 0.8486055776892429 0.1959851013635874
2 0.6703187250996016 0.8337962645731571 0.5179282868525895 0.12721839913074973
2 0.26145418326693226 0.48910316963105815 0.3894422310756972 0.14612924224478013
