0 0.125 0.7738919322709162 0.016932270916334657 0.0507470119521912
0 0.20567729083665337 0.7802353087649402 0.014940239043824733 0.04440363545816723
0 0.28436254980079684 0.7849928411354583 0.012948207171314792 0.047575323705179216
0 0.29830677290836655 0.7873716073207171 0.01095617529880478 0.04598947958167329
0 0.325199203187251 0.7873716073207171 0.016932270916334636 0.04916116782868528
0 0.3754980079681275 0.7913362176294819 0.013944223107569726 0.038060258964143404
0 0.3904382470119522 0.7945079058764939 0.013944223107569655 0.04440363545816723
0 0.4437250996015936 0.796886672061753 0.014940239043824733 0.042817791334661306
0 0.546812749003984 0.8087805029880478 0.017928286852589608 0.057090388446215175
0 0.897410358565737 0.394875186752988 0.02788844621513931 0.03488857071713149
0 0.4626494023904382 0.19030129482071714 0.018924302788844615 0.04757532370517925
0 0.18974103585657368 0.1736499315239044 0.016932270916334636 0.04598947958167331
0 0.6862549800796813 0.20378096987051791 0.023904382470119712 0.049161167828685244
0 0.7664342629482072 0.2117101904880478 0.018924302788844615 0.04598947958167329
0 0.8869521912350598 0.6287871949701195 0.0308764940239044 0.03013103834661358
0 0.8894422310756971 0.6723979083665338 0.03984063745019924 0.03488857071713142
0 0.954183266932271 0.48764706797808766 0.029880478087649324 0.033302726593625494
0 0.9372509960159363 0.28228025398406376 0.01992031872509969 0.044403635458167334
0 0.3441235059760956 0.18078623007968125 0.016932270916334674 0.04123194721115539
0 0.6379482071713147 0.8095734250498009 0.020916334661354483 0.04281779133466145
0 0.7201195219123505 0.8143309574203187 0.017928286852589535 0.04598947958167329
0 0.825199203187251 0.8222601780378486 0.0169322709163346 0.039646103087649466
0 0.8336653386454185 0.2148818787350598 0.015936254980079667 0.04598947958167333
0 0.5174302788844621 0.1910942168824701 0.018924302788844615 0.042817791334661376
2 0.4875498007968128 0.8309823207171314 0.7599601593625499 0.1554127241035856
2 0.5004980079681275 0.14986226967131475 0.7280876494023905 0.16651363296812746
2 0.9243027888446216 0.4551372634462152 0.08167330677290835 0.47258154880478087
2 0.07320717131474103 0.5637675859063744 0.0647410358565737 0.4868541459163346
