0 0.4213147410358566 0.44960732151267135 0.017928286852589608 0.03039598793325105
0 0.45866533864541836 0.5515605310387841 0.014940239043824662 0.029129488436032247
0 0.49352589641434264 0.5521937807873936 0.014940239043824733 0.03039598793325105
0 0.5383466135458167 0.5483942822957372 0.022908366533864494 0.03546198592212612
0 0.5154382470119522 0.583223018469254 0.01294820717131472 0.029129488436032247
0 0.4332669322709164 0.5825897687206445 0.013944223107569726 0.04052798391100147
0 0.37300796812749 0.5825897687206445 0.01095617529880478 0.032928986927688655
0 0.37051792828685265 0.48063655919453174 0.017928286852589608 0.036728485419344994
0 0.374003984063745 0.44454132352379616 0.018924302788844615 0.03039598793325098
0 0.3964143426294821 0.4483408220154525 0.017928286852589678 0.03546198592212619
0 0.40886454183266935 0.5490275320443466 0.014940239043824733 0.03166248743046971
0 0.45667330677290835 0.47810356020009415 0.01294820717131472 0.03166248743046978
0 0.4790836653386454 0.4477075722668431 0.017928286852589608 0.03166248743046985
0 0.42778884462151395 0.3742506014281532 0.0169322709163346 0.034195486424907384
0 0.3202191235059761 0.5895555159553479 0.03685258964143419 0.016464493463844293
0 0.31972111553784865 0.6231177526316459 0.03187250996015937 0.017730992961063164
0 0.3237051792828685 0.4660718149765157 0.023904382470119535 0.0202639919555007
0 0.48007968127490047 0.5838562682178633 0.011952191235059716 0.03799498491656386
0 0.5403386454183267 0.4489740717640619 0.014940239043824662 0.03166248743046985
5 0.6314741035856574 0.5369957868207681 0.02191235059760949 0.043060982905439006
5 0.4716135458167331 0.8143591767116837 0.02888446215139446 0.0202639919555007
5 0.4965139442231076 0.238101905477133 0.03486055776892428 0.027862988938813445
2 0.4342629482071713 0.4964678029097667 0.2729083665338645 0.27609689039369684
