0 0.13585943993808935 0.7818725099601593 0.07566854882627765 0.07968127490039834
0 0.3293301613689128 0.7918326693227092 0.07394880908022586 0.07171314741035857
0 0.46690934105305393 0.7993027888446216 0.0636303706039152 0.07669322709163354
0 0.648341884261515 0.799800796812749 0.06535011034996692 0.08167330677290835
0 0.25538135228868697 0.2300796812749004 0.0705093295881223 0.07171314741035857
0 0.4402533749892516 0.23804780876494022 0.06878958984207059 0.0697211155378486
0 0.743787440167388 0.3391434262948207 0.0636303706039152 0.06872509960159359
0 0.8486915646765456 0.7221115537848606 0.0636303706039152 0.07968127490039847
0 0.736048611310155 0.5463147410358566 0.06535011034996714 0.07071713147410363
0 0.8633093525179857 0.2584661354581673 0.06878958984207045 0.07270916334661358
0 0.5632147668319527 0.250996015936255 0.07394880908022593 0.07768924302788846
0 0.736048611310155 0.43974103585657376 0.04815271288944942 0.06075697211155379
0 0.20636876952621172 0.7928286852589642 0.06535011034996707 0.09163346613545827
5 0.167674625240047 0.6419322709163346 0.06363037060391527 0.03286852589641427
5 0.3456676889564046 0.5453187250996016 0.061910630857863504 0.030876494023904327
5 0.5993293014990398 0.6479083665338646 0.046432973143397546 0.040836653386454175
