0 0.047023604745363955 0.553784860557769 0.0912811150939418 0.03386454183266927
0 0.24687392491316074 0.3745019920318725 0.04564055754697094 0.0677290836653387
0 0.29389752965852467 0.3740039840637451 0.048406651943756956 0.07071713147410356
0 0.37826340876050113 0.33117529880478097 0.04287446315018478 0.05876494023904389
0 0.37688036156210813 0.38994023904382474 0.040108368753398696 0.050796812749003946
0 0.6659372260262572 0.37798804780876494 0.042874463150184706 0.06274900398406373
0 0.44464967428336793 0.6947211155378487 0.04010836875339862 0.0527888446215141
1 0.31395171403522404 0.3914342629482072 0.17703004139431133 0.14741035856573703
1 0.6811507452085808 0.6429282868525896 0.145219955831271 0.1324701195219123
1 0.4280531079026513 0.6419322709163348 0.18671137178306274 0.1344621513944223
1 0.7240252083587655 0.4008964143426295 0.17564699419591834 0.13645418326693232
0 0.08782349709795913 0.4636454183266933 0.08989806789554873 0.034860557768924355
