0 0.7236055776892433 0.7320345689066937 0.02888446215139453 0.05108020954854609
0 0.8032868525896417 0.7342081948449297 0.03286852589641427 0.04673295767207406
0 0.8491035856573709 0.7418158856287558 0.026892430278884518 0.05760108736325407
0 0.7888446215139444 0.8695164095001212 0.037848605577689085 0.05216702251766421
0 0.8356573705179285 0.873320254892034 0.02589641434262944 0.051080209548546376
0 0.2514940239043825 0.1658050119962139 0.046812749003984064 0.04673295767207415
0 0.15886454183266938 0.209820937245493 0.046812749003984085 0.04999339657942816
0 0.151394422310757 0.3228494860337654 0.05776892430278885 0.05434064845590015
0 0.24850597609561764 0.3119813563425854 0.058764940239043925 0.060861526270608195
0 0.7559760956175302 0.7369252272677249 0.02390438247011957 0.04999339657942812
0 0.8954183266932273 0.7363818207831657 0.025896414342629584 0.04673295767207406
2 0.8182270916334664 0.8037642248684819 0.24800796812748999 0.19019226959565075
2 0.20916334661354585 0.2484027976491822 0.2569721115537849 0.35538784090158715
5 0.44023904382470136 0.4456593515440998 0.0378486055776893 0.02390988532059609
5 0.46663346613545825 0.9597218859369153 0.02689243027888459 0.036951640950012035
